128 4.200000e-01 6.271240e-02 1.336090e-03
128 4.225000e-01 8.232800e-02 1.424800e-03
128 4.250000e-01 1.122360e-01 1.612510e-03
128 4.275000e-01 1.522540e-01 2.451620e-03
128 4.300000e-01 2.285190e-01 2.819370e-03
128 4.325000e-01 3.529990e-01 2.829520e-03
128 4.350000e-01 5.326520e-01 1.531570e-03
128 4.356250e-01 5.860590e-01 2.324730e-03
128 4.362500e-01 6.409640e-01 2.034620e-03
128 4.368750e-01 6.890060e-01 3.258050e-03
128 4.375000e-01 7.408950e-01 2.128720e-03
128 4.381250e-01 7.839120e-01 3.671680e-03
128 4.387500e-01 8.252900e-01 2.473670e-03
128 4.393750e-01 8.623620e-01 1.270100e-03
128 4.400000e-01 8.901650e-01 8.619160e-04
128 4.406250e-01 9.156250e-01 1.713050e-03
128 4.412500e-01 9.318780e-01 1.037380e-03
128 4.418750e-01 9.497730e-01 8.478400e-04
128 4.425000e-01 9.597400e-01 5.825260e-04
128 4.431250e-01 9.686060e-01 3.972140e-04
128 4.437500e-01 9.751760e-01 4.693000e-04
128 4.443750e-01 9.800860e-01 3.030320e-04
128 4.450000e-01 9.840880e-01 1.537410e-04
128 4.475000e-01 9.922960e-01 1.081990e-04
128 4.500000e-01 9.956180e-01 5.594680e-05
128 4.525000e-01 9.971950e-01 3.865560e-05
128 4.550000e-01 9.980840e-01 2.076340e-05
128 4.575000e-01 9.985920e-01 1.430030e-05
128 4.600000e-01 9.989340e-01 8.454250e-06
256 4.300000e-01 6.283170e-02 1.199110e-03
256 4.312500e-01 7.453810e-02 1.938840e-03
256 4.325000e-01 1.021740e-01 2.245420e-03
256 4.337500e-01 1.432900e-01 3.287390e-03
256 4.350000e-01 2.094370e-01 3.474940e-03
256 4.362500e-01 3.102930e-01 3.351110e-03
256 4.375000e-01 4.779980e-01 1.702650e-03
256 4.378120e-01 5.261150e-01 2.447740e-03
256 4.381250e-01 5.850470e-01 3.644030e-03
256 4.384370e-01 6.339810e-01 1.995530e-03
256 4.387500e-01 6.865010e-01 1.400540e-03
256 4.390620e-01 7.323750e-01 2.333750e-03
256 4.393750e-01 7.823920e-01 1.511910e-03
256 4.396870e-01 8.236800e-01 2.495120e-03
256 4.400000e-01 8.568470e-01 9.531080e-04
256 4.403120e-01 8.857980e-01 1.033670e-03
256 4.406250e-01 9.129630e-01 5.980060e-04
256 4.409370e-01 9.316740e-01 1.082840e-03
256 4.412500e-01 9.457960e-01 7.444070e-04
256 4.415620e-01 9.582990e-01 5.030670e-04
256 4.418750e-01 9.682700e-01 5.338940e-04
256 4.421870e-01 9.747540e-01 3.662960e-04
256 4.425000e-01 9.798000e-01 1.994580e-04
256 4.437500e-01 9.908410e-01 9.640410e-05
256 4.450000e-01 9.949830e-01 5.222690e-05
256 4.462500e-01 9.968740e-01 4.309100e-05
256 4.475000e-01 9.978710e-01 1.795920e-05
256 4.487500e-01 9.984710e-01 4.688110e-06
256 4.500000e-01 9.988560e-01 1.096460e-05
64 4.000000e-01 6.306400e-02 1.418150e-03
64 4.050000e-01 8.439390e-02 7.823140e-04
64 4.100000e-01 1.140020e-01 1.538660e-03
64 4.150000e-01 1.592560e-01 2.580840e-03
64 4.200000e-01 2.374360e-01 2.255120e-03
64 4.250000e-01 3.665540e-01 2.752610e-03
64 4.300000e-01 5.638480e-01 2.753000e-03
64 4.312500e-01 6.131660e-01 1.294680e-03
64 4.325000e-01 6.688310e-01 3.642340e-03
64 4.337500e-01 7.096370e-01 2.171770e-03
64 4.350000e-01 7.651400e-01 1.813350e-03
64 4.362500e-01 8.077530e-01 2.066800e-03
64 4.375000e-01 8.469090e-01 2.464530e-03
64 4.387500e-01 8.779600e-01 1.802840e-03
64 4.400000e-01 9.043680e-01 9.751460e-04
64 4.412500e-01 9.257620e-01 1.005190e-03
64 4.425000e-01 9.429170e-01 1.058850e-03
64 4.437500e-01 9.540760e-01 6.548940e-04
64 4.450000e-01 9.649350e-01 3.862010e-04
64 4.462500e-01 9.725830e-01 3.562210e-04
64 4.475000e-01 9.780210e-01 2.883570e-04
64 4.487500e-01 9.824030e-01 2.951130e-04
64 4.500000e-01 9.857930e-01 1.613520e-04
64 4.550000e-01 9.928380e-01 7.161030e-05
64 4.600000e-01 9.959520e-01 4.738280e-05
64 4.650000e-01 9.974020e-01 2.579560e-05
64 4.700000e-01 9.981730e-01 1.204610e-05
64 4.750000e-01 9.986600e-01 1.297090e-05