64 0.271738670965139 4.919437011718750 0.010667233892421
64 0.280577505729971 5.345457519531250 0.012089049468589
64 0.289416340494803 5.815872070312500 0.013949850107465
64 0.298255175259635 6.368562500000000 0.016178269794194
64 0.307094010024467 6.998375000000000 0.019120008827112
64 0.315932844789299 7.732725097656250 0.022902534314572
64 0.324771679554130 8.589175781250001 0.027863796621939
64 0.333610514318962 9.569217773437501 0.033826930772365
64 0.342449349083794 10.727242187500000 0.041603401658296
64 0.351288183848626 12.126527832031250 0.051040497393409
64 0.360127018613458 13.807729003906250 0.064272442385289
64 0.368965853378290 15.819383300781251 0.080318067256524
64 0.377804688143121 18.303500000000000 0.101598881414698
64 0.386643522907953 21.376616699218751 0.126959627854916
64 0.395482357672785 25.341132812500000 0.159263317766131
64 0.404321192437617 30.405053710937501 0.208265912303384
64 0.413160027202449 36.904000000000003 0.277559326167149
64 0.421998861967281 45.745190917968749 0.380016240162907
64 0.430837696732112 57.856469726562501 0.554157596661433
64 0.439676531496944 75.692608886718745 0.868814592442247
64 0.448515366261776 100.625954589843744 1.359601212559291
64 0.457354201026608 134.848020751953129 1.960915743479052
64 0.466193035791440 175.473534423828113 2.656363839432631
64 0.475031870556271 223.923317871093758 3.845165148946991
64 0.483870705321103 252.439035156249986 5.183308264266590
64 0.492709540085935 231.694332275390622 6.120938853558677
64 0.501548374850767 191.766528808593762 6.787874888143267
64 0.510387209615599 136.650809814453112 6.381277924343889
64 0.519226044380431 77.613084228515632 4.835543069254114
64 0.528064879145262 36.641859619140625 2.707407472944436
64 0.536903713910094 17.722780029296874 1.462209210813746
64 0.545742548674926 9.318448730468750 0.849885919642022
64 0.554581383439758 5.639851562500000 0.622956690887863
64 0.563420218204590 3.133874267578125 0.392413297217481
64 0.572259052969422 1.805576660156250 0.151727512219692
64 0.581097887734253 0.993174804687500 0.061454570474726
64 0.589936722499085 0.708914550781250 0.043359471748150
64 0.598775557263917 0.496804931640625 0.032606546659923
64 0.607614392028749 0.332882812500000 0.018077813456857
64 0.616453226793581 0.247741455078125 0.012143730171765
64 0.625292061558413 0.180940429687500 0.005793290385032
64 0.634130896323244 0.147350830078125 0.005318937111870
64 0.642969731088076 0.113612792968750 0.003740763053407
64 0.651808565852908 0.091324707031250 0.003210197279922
64 0.660647400617740 0.075254150390625 0.002970960042943
64 0.669486235382572 0.059371337890625 0.001871257670682
64 0.678325070147404 0.048846679687500 0.001518615716204
64 0.687163904912235 0.039110595703125 0.000888055992332
64 0.696002739677067 0.033322509765625 0.000852923747137
64 0.704841574441899 0.027237304687500 0.000723433797690
128 0.375310106916499 18.629139282226564 0.049152950582404
128 0.380565709511834 20.474271606445313 0.058506612927194
128 0.385821312107170 22.584125366210937 0.068909137954550
128 0.391076914702506 25.061518432617188 0.082817797081673
128 0.396332517297841 27.959665771484374 0.100052222860795
128 0.401588119893177 31.337125244140626 0.120254021404739
128 0.406843722488513 35.401615112304690 0.145760505904443
128 0.412099325083849 40.149061767578125 0.178925168315628
128 0.417354927679184 45.807059326171874 0.219605553935481
128 0.422610530274520 52.878263305664063 0.282057815428383
128 0.427866132869856 61.257781982421875 0.345489577270025
128 0.433121735465191 72.041552124023440 0.436913649915456
128 0.438377338060527 86.138693603515620 0.599876786396054
128 0.443632940655863 103.897529418945311 0.796147467310188
128 0.448888543251198 127.681359619140622 1.113950302594343
128 0.454144145846534 160.695023803710939 1.682420617324810
128 0.459399748441870 205.273583374023445 2.473829480284430
128 0.464655351037206 265.594620300292945 3.484473806959620
128 0.469910953632541 357.202083435058569 5.181712896574806
128 0.475166556227877 474.859089538574210 7.312390970231038
128 0.480422158823213 620.012719543457024 10.049641364961811
128 0.485677761418548 769.491808532714799 13.957348528516849
128 0.490933364013884 850.997742675781296 19.060979745199003
128 0.496188966609220 819.822800903320285 22.114069038331355
128 0.501444569204555 649.265381530761715 23.908292002136626
128 0.506700171799891 475.460695190429703 23.012924172056465
128 0.511955774395227 292.906543884277369 18.955039327020639
128 0.517211376990563 138.662110961914067 11.821841029795326
128 0.522466979585898 65.120028808593744 5.737070536492461
128 0.527722582181234 34.208457336425781 3.296750685585641
128 0.532978184776570 14.936113403320313 1.101831735377178
128 0.538233787371906 8.510210144042968 0.663649490498364
128 0.543489389967241 6.053572875976562 0.437868873652610
128 0.548744992562577 3.722603332519531 0.293356971909026
128 0.554000595157913 2.534050720214844 0.196029940261303
128 0.559256197753249 1.918903625488281 0.154298094500676
128 0.564511800348584 1.331690490722656 0.082399170951708
128 0.569767402943920 1.032338134765625 0.068453282361873
128 0.575023005539256 0.773942321777344 0.030141753724443
128 0.580278608134592 0.633720886230469 0.023612030148044
128 0.585534210729927 0.517052795410156 0.020850027308754
128 0.590789813325263 0.429174438476563 0.019301501655407
128 0.596045415920599 0.345107116699219 0.015199362706965
128 0.601301018515935 0.276760559082031 0.010462552946916
128 0.606556621111270 0.236795166015625 0.009485957486004
128 0.611812223706606 0.203347656250000 0.009207505288872
128 0.617067826301942 0.170876220703125 0.005568257244279
128 0.622323428897278 0.147123596191406 0.005272110440252
128 0.627579031492613 0.130121520996094 0.005130289729396
128 0.632834634087949 0.114042053222656 0.004859116252689
256 0.431252355422485 72.313607543945309 0.215850263850356
256 0.434377355422485 80.408275665283199 0.260088243673076
256 0.437502355422485 89.452926055908208 0.308192299296929
256 0.440627355422485 100.345436065673823 0.373230370670735
256 0.443752355422485 113.300410186767579 0.466414922594024
256 0.446877355422485 128.683339111328138 0.577363709877684
256 0.450002355422485 146.797679901123047 0.702205271617112
256 0.453127355422485 169.507371429443367 0.874931683343865
256 0.456252355422485 197.055263763427746 1.086113616302968
256 0.459377355422485 231.633446075439451 1.408351786133589
256 0.462502355422485 275.550241180419903 1.878630563733531
256 0.465627355422485 330.405328277587898 2.507356388450949
256 0.468752355422485 401.832108276367194 3.272411179430454
256 0.471877355422484 502.665745300292997 4.563827661757115
256 0.475002355422484 637.240205780029328 6.670747695187616
256 0.478127355422484 827.275716644287058 9.717705930337063
256 0.481252355422484 1100.269965072631749 15.152569558528851
256 0.484377355422484 1479.877603668212942 22.088174121576831
256 0.487502355422484 1944.194841247558543 30.394959383280394
256 0.490627355422484 2433.780793395996170 41.993517400882887
256 0.493752355422484 2805.447469299316253 57.222444196688542
256 0.496877355422484 2805.288662155151542 72.721695706597259
256 0.500002355422484 2410.422737075805799 82.863818047885488
256 0.503127355422484 1797.780675430297833 81.068144462096981
256 0.506252355422484 1129.563335174560507 68.862412551317931
256 0.509377355422485 612.152829162597641 48.282281261813026
256 0.512502355422485 264.383430206298840 22.182889292203186
256 0.515627355422485 132.909117782592773 14.440081675337348
256 0.518752355422485 88.333363571166998 10.597886343248280
256 0.521877355422485 43.284451080322263 4.391571552670141
256 0.525002355422485 25.066894500732420 2.705354854143145
256 0.528127355422485 17.148412353515624 1.858126792255877
256 0.531252355422485 10.315986709594727 0.635989697059649
256 0.534377355422485 7.856383453369141 0.567080204166098
256 0.537502355422485 5.297931411743164 0.329968911764856
256 0.540627355422485 3.689731719970703 0.191196695614527
256 0.543752355422485 2.841972290039063 0.134933178184863
256 0.546877355422485 2.202356765747070 0.074117534520074
256 0.550002355422485 1.803519775390625 0.061921531784100
256 0.553127355422485 1.514095596313477 0.047346562309401
256 0.556252355422485 1.255806015014648 0.038045718229693
256 0.559377355422485 1.076379867553711 0.036634172220809
256 0.562502355422485 0.933824722290039 0.036309285417807
256 0.565627355422485 0.805915557861328 0.033708346707569
256 0.568752355422485 0.700184127807617 0.032019159060561
256 0.571877355422485 0.613561431884766 0.031233688344287
256 0.575002355422485 0.542885406494141 0.030267347291867
256 0.578127355422486 0.486206573486328 0.030289186284388
256 0.581252355422486 0.406582885742187 0.006411348740255
256 0.584377355422486 0.365228378295898 0.005787524256275
